(1+)
(.*)(1+)(.*)
(.*)((?:01|12|23|30)+)(.*)
((?:01|10|02|20|03|30|23|32|12|21)+)(.*)(\1)
((?:01|10|02|20|03|30|23|32|12|21|0|12|13|22|33)+)(.*)(\1)
(.+)((?:01|12|23|30)+)(.+)
(01|12|23|30)(.*)
((?:01|10|02|20|03|30|23|32|12|21|131|020)+)(.*)
((?:010|020|030|121|131|101|202|212|232|303|313|323|000|111|222|333)+)
((?:010|020|030|121|131|101|202|212|232|303|313|323|000|111|222|333))({1,3})(.{0,2})
(.*)((?:01|10|12|21|23|32|30|03)+)(.{1,3})
(.*)((?:002|010|011|100|101|113|121|122|211|212|220|232|233|322|323|331|303|300|033|030)+)(.*)
((?:011|012|021|022|023|032|033|100|103|130|132|133|122|123|200|201|203|210|211|230|233|300|301|310|312|311|321|322)+)
(.*)((?:00|02|20|22|11|13|31|33))(2*)
((?:00|02|20|22)+)((?:11|13|31|33)*)((?:01|12|23|30)*)
((?:00|02|20|22)*)((?:11|13|31|33)*)((?:01|12|23|30)*)
((?:002|010|011|100|101|113|121|122|211|212|220|232|233|322|323|331|303|300|033|030)+)((?:013|012|020|031|032|102|103|131|120|123|210|213|202|230|231|301|302|313|320|321)*)((?:021|023|130|132|201|203|310|312)*)
((?:002|010|011|100|101|113|121|122|211|212|220|232|233|322|323|331|303|300|033|030)*)((?:013|012|020|031|032|102|103|131|120|123|210|213|202|230|231|301|302|313|320|321)*)((?:021|023|130|132|201|203|310|312)*)
((?:010|013|020|022|101|102|131|133|323|320|313|311|232|231|200|202)+)
((?:010|013|020|022|232|231|200|202)*)((?:101|102|131|133|323|320|313|311)*)
((?:01|03|10|12|21|23|32|30)+)((?:02|20)*)((?:13|31)*)
((?:01|12|23|30)+)((?:00|11|22|33)*)((?:03|32|21|10)*)

(1+)((?:00|11|22|33)*)((?:01|10|02|20|30|03)*)